2.26045612111
2.05657303781
1.72509608798
2.30700199112
0.954793086044
1.08047978125
1.53584606493
1.69208746733
1.40509971293
2.33791510669
1.84209131958
1.64480530283
1.70421217596
2.32370209443
2.02185904438
1.44137698798
1.61794119956
1.00748051217
1.71500953049
1.6416515078
2.13044125852
2.38222558481
1.88340844903
1.72874645928
1.07240069443
1.18080683277
1.75746330789
1.85366310285
1.84772975652
1.32254472456
1.39419081608
0.823448945036
1.66407293914
1.73125522353
1.43170675893
1.25196292656
0.591973862713
1.92346733977
2.28236538284
1.93190503234
2.08823934098
1.80413940939
2.21067930914
1.99788990029
1.51266249494
0.978631771225
1.62666613035
1.39497846601
2.43264945715
1.80904271723
0.822713492577
2.38446096416
2.28333428829
2.60594004848
1.44572965459
2.04037934572
2.44682951107
1.63876727631
0.839405482198
1.32718253517
1.33717391597
1.32037658804
1.72924555996
1.2898429976
1.46485109155
1.04732595196
0.778891323492
0.710702927535
1.39414888879
2.30080245206
2.09444321525
1.66292144495
1.16940129269
1.38574552162
1.27117647034
1.40813491763
1.79502808896
1.63841135276
2.05160464997
1.57452369659
2.62482853955
1.22313916823
0.874073596319
0.74811353506
1.57259417982
1.27691683423
1.22575928284
1.75132921358
2.49024032314
2.14724889705
2.7477301614
2.4960100117
1.24950344503
1.42003873661
0.822003416213
1.15369611012
1.32514401074
1.32063245128
0.584268186196
1.0928556595
0.62568581697
1.159577697
0.267337105053
0.703015396312
0.795825035551
1.25103724596
1.27495643341
1.87407955704
0.736961956795
0.614119136752
1.33138899755
1.70117674626
0.411016686255
0.786154363776
1.27201866317
0.847893948616
0.846864990562
0.843110889763
0.674920494064
0.0375851419547
0.979436350528
1.41325306298
1.45436433161
1.12245922622
1.06557221702
0.516491358089
1.62038062339
0.683232241091
1.1754774218
1.72980181926
1.00209656864
1.79954625095
0.294943097673
1.5184257934
1.52334929608
0.386268856895
1.20531990407
1.34009875951
1.54580188158
0.658106589874
2.17302311294
1.45746846115
1.83708470595
1.52260114844
0.428539116656
0.653955276668
0.639705942972
1.04716454777
1.78016448838
1.65143222198
2.39930698209
1.6033616286
2.27825272183
1.57084854896
1.53647159384
2.51364216079
1.21195216508
1.47504193616
1.51808328232
1.11463670342
1.09072164911
1.71544660437
1.56142398299
1.24829352341
1.86302854321
2.08296065471
2.28724714902
1.50905032543
1.8821233057
1.45317325903
1.55021377058
1.86554713396
2.03773190124
2.18088191043
1.07384870947
1.97490878837
0.544702328316
0.772910400086
1.42928137616
1.33794641845
0.925020579587
1.58692372319
1.11709195102
0.565174114635
1.26174677624
1.42965326678
0.82332665259
1.06778551434
0.980537507084
1.08534491456
1.2746978732
1.40418561761
2.11588051543
1.8262693124
1.89145887602
1.22682978467
2.62727222204
1.25033256762
1.25587570677
2.04973216239
2.03054745287
1.14800258644
1.9660431229
1.17428404994
1.67402766394
1.41848031556
1.30839183733
1.8019794311
2.19517571063
1.32059793969
1.34687421484
1.29017182051
1.2985741563
0.921379755189
1.05395916419
1.29667968872
1.43304807777
1.59700447429
0.704327291977
0.897968972884
1.60638154057
1.62725338632
1.30147510677
1.37945624019
0.794626004695
1.15762321437
1.90131961308
0.79430819442
0.657939345783
1.36984754746
2.08846876034
1.57046689075
0.891882060729
1.2997670289
1.7414180975
1.23667914966
1.41197101272
1.32429374187
2.26846388031
0.897151143748
1.42810836417
1.04759283415
1.00189675403
0.942363759036
