2.25978010691
2.03064186727
1.72802618126
2.35040989814
0.91806215677
1.03569787316
1.57672271049
1.70674377661
1.40348350104
2.40328068335
1.85180888447
1.64318202528
1.6956505347
2.38095793395
2.0299444308
1.43049063511
1.61069297163
0.958213134703
1.67389913449
1.66160015511
2.16850107541
2.40864324078
1.8759362935
1.74395696691
0.97539897673
1.23162746435
1.81711034741
1.81888132731
1.83837630097
1.29200214708
1.37499219997
0.746802826408
1.68074449945
1.76036066634
1.41508500797
1.24048681966
0.539402319486
1.96361906193
2.31333448379
1.93380608095
2.15155488349
1.84421474908
2.21714188868
1.97962075732
1.52183073879
0.945811679865
1.5165304776
1.36122571368
2.43988773565
1.79713081729
0.773292644188
2.41440754226
2.29393239573
2.6273810598
1.38772724521
2.07306056428
2.46417197996
1.65831549805
0.751544120413
1.31152106865
1.31533586499
1.35694539696
1.75474496929
1.28119523139
1.46718504593
1.0535236348
0.71945964913
0.669809241077
1.39044753669
2.32304771238
2.14339982017
1.65882653493
1.14663950384
1.40279286737
1.28072380882
1.40298999585
1.83965670707
1.65844006676
2.06755519196
1.51508890227
2.68660278446
1.21547113273
0.826214829122
0.74025486841
1.55672140312
1.21384182036
1.18966307553
1.75637677552
2.52871602677
2.15820441536
2.80042105728
2.51432585648
1.25574437759
1.43083186634
0.793841439565
1.12720328569
1.3055078831
1.31674567596
0.552546766682
1.1009338524
0.56394030295
1.14979839996
0.251771174868
0.651826865675
0.766324274272
1.24350385968
1.27451380768
1.8600352087
0.721027469664
0.526098537022
1.30659471094
1.6734805801
0.323603636839
0.718517952521
1.27362730971
0.779855680196
0.792528510747
0.820267132291
0.643160632058
-0.0708549157254
0.941281502317
1.43297174869
1.50290020498
1.04429150653
1.04850322278
0.375907978859
1.65529174567
0.634861216968
1.18692915409
1.7468017814
0.966729869705
1.84084712012
0.273709159755
1.56044146976
1.52573466914
0.315893858522
1.15497124186
1.33417978636
1.51799317262
0.627783334361
2.19769509044
1.44750767819
1.88362886293
1.53876854377
0.431876379899
0.570930145138
0.595138099152
1.04011919154
1.80497667819
1.69593943537
2.44073798155
1.61112202828
2.3120977497
1.55174522516
1.53259455998
2.58893678314
1.20368236226
1.48549056675
1.50669496388
1.07716110246
1.05310673142
1.68876360235
1.57380500209
1.23401514803
1.86509850022
2.06287569908
2.28464649386
1.54207819689
1.87943326632
1.44547920019
1.57104741578
1.88349872027
2.0818681808
2.23522977731
1.11190932824
2.08535593884
0.469815723903
0.685202561468
1.43229813305
1.36017956177
0.902105029792
1.58340000683
1.09174735469
0.534801205357
1.20350486626
1.44345290041
0.761451548094
1.03007754882
0.910820054807
1.09157399338
1.33715824498
1.39109812953
2.10681323238
1.85862562618
1.93562699418
1.20569174967
2.6990154487
1.22957539854
1.23179845063
2.06524350988
2.04050582781
1.14803474324
1.99944402539
1.14851141057
1.68610776192
1.40959207354
1.30434152696
1.82457717918
2.20937126645
1.29739909521
1.32985667354
1.30052224608
1.26032149187
0.915823251998
1.04801379015
1.27914218839
1.44099010367
1.54727940151
0.632595835276
0.864908970707
1.63483020297
1.65508951393
1.18125359821
1.39316712412
0.707720958964
1.1300846924
1.94370234442
0.751894947699
0.672523585994
1.347138499
2.04662751182
1.59361385885
0.851027230152
1.32139319948
1.72942609662
1.29002603993
1.40854680082
1.41611829918
2.30913880109
0.881464051751
1.46964617783
0.946258351481
1.02457744291
0.945361183105
