2.13458583195
2.29636631866
1.74745920729
2.18261897254
1.33308961849
1.42114943778
1.44856428787
1.72141273064
1.66545550467
2.64397130543
1.89145411809
1.43087935394
1.7984971423
2.0795897351
1.79514526768
1.80570281238
1.38345766781
1.64771143526
2.49285134891
2.47161186631
1.92247151353
1.89727013534
2.77315565853
1.88797657691
1.57697196373
1.48478175587
2.23690948102
1.87781484836
2.50124538303
2.02797446135
1.30949916981
1.18015342108
1.48568763534
1.95238056408
1.52101908539
1.30146450507
1.40049693046
1.46496019705
1.95220019734
2.04860703384
1.9335144928
1.66455876011
2.55691165173
2.5602015959
2.18968486923
1.09374213843
1.77382845763
1.85847042895
1.56417974848
1.59079042354
1.2262807341
1.4942699181
1.75430244982
3.32240348517
1.82704913544
1.05525601115
1.75806751833
2.61879930883
1.45785673744
1.40552146442
1.02223157344
1.69493306292
1.39913931081
2.06417521525
1.39631197853
1.52920062891
0.743071554077
1.03558691593
1.53502056271
1.80552519383
1.70902855129
1.47058938039
1.97133945276
1.47096165226
1.41091108134
1.14043446401
1.40976615734
1.3820232966
2.48433638762
1.6126378289
2.25997857858
1.51483521502
0.911193351538
1.06015406992
1.52419723793
1.74781844553
1.48235619306
1.82595768248
1.73077190954
1.45612061836
1.76830392554
2.10990157701
1.44810479611
1.96193439513
1.12415418816
1.40203870066
1.49678979858
1.34263189096
1.00741842948
1.13738325268
1.60806163201
2.88016533179
1.35467623723
1.06675528087
0.878503853298
1.4964311555
1.21076289421
1.62129284922
1.37493812797
1.14753669846
1.67355574317
2.08753088407
1.05667971737
1.23688572352
1.79602042644
1.50961521899
1.39821657045
0.888823135698
1.19870370369
0.874763865234
1.41096162889
1.4971721862
1.95698816895
1.39387655027
0.962009144085
1.12566591612
1.2283769668
1.53403111174
0.921790797229
1.5470240991
1.54797139692
1.45123085787
0.994114537515
1.72182599428
1.30511247383
1.16926431185
1.43726656072
1.86983401136
1.68260156024
1.11491308395
2.34249666032
1.61236951072
1.45803463422
2.72173951406
1.01239452235
1.31940791871
1.43583055826
1.29452093413
1.54568653127
1.34467103346
1.3014096311
1.04212633096
1.82772640659
1.42916944484
1.67680058633
2.10839477774
1.45959359417
1.49686437586
1.41430928005
1.37258823433
0.863850682265
1.5199771377
1.37184007394
1.59313632784
1.3987454969
2.10420355013
1.77509381439
1.83030176635
1.56170501029
1.58310428479
1.5318306365
1.92964468047
2.24432094733
2.24170894493
1.23189521676
2.53525303448
1.25762259899
1.06979561447
1.77418340132
1.81774196803
1.52019486264
1.29430639629
0.997201510125
1.09819850993
1.04035930943
1.36029654435
1.51717414911
1.11794098648
0.585780241832
1.66735033824
1.5064557637
1.37410710863
2.2576864329
0.94864422555
1.90424649975
1.20124580162
1.87948935575
1.30897162651
1.70071350761
1.92997711401
1.52074410172
1.54403272853
2.43411451104
1.47840885948
1.89594229865
1.44872690838
1.56982023581
1.73748737057
1.41261359908
1.43345165976
1.75083973454
1.13010731631
1.33652066086
1.96268216444
1.34860688322
1.54614961365
1.43189832271
1.05895298968
0.713827642705
1.45747368521
0.928340551228
1.79603559038
1.23152905343
1.24670986
1.46646490224
1.49701881055
1.85055464772
1.3374131087
1.26034526592
0.610233346415
1.77312769077
1.89477054639
1.01683352832
1.30435906364
1.8206543135
1.74670287006
1.75005975529
1.54512304448
1.5393833668
0.817609902828
1.2861020286
1.24251310143
1.08638140585
1.64108775681
